1.72545e-17
0
0.25
0
3.78769e-17
0
2.23443e-17
0
2.61457e-17
0
4.03837e-17
0
5.37121e-17
0
5.69132e-17
0
4.22903e-17
0
7.31469e-17
0
0.25
0
9.96101e-17
0
9.67338e-17
0
1.0798e-16
0
1.37409e-16
0
5.11784e-17
0
5.4945e-17
0
2.06307e-17
0
3.74223e-17
0
2.26441e-17
0
4.81228e-18
0
4.66213e-17
0
6.13563e-18
0
1.47833e-17
0
1.71319e-17
0
1.20652e-17
0
2.92426e-17
0
3.97796e-17
0
1.61808e-17
0
2.81802e-17
0
6.88541e-17
0
1.73273e-17
0
9.00389e-17
0
1.70798e-16
0
1.68518e-16
0
8.88709e-17
0
7.32762e-17
0
7.85143e-17
0
7.56472e-17
0
6.93393e-17
0
4.26658e-17
0
4.78163e-17
0
3.43259e-17
0
1.7072e-17
0
1.71202e-17
0
1.57584e-17
0
3.28238e-17
0
3.63119e-17
0
5.6468e-18
0
1.7951e-17
0
4.63145e-17
0
1.09014e-17
0
3.40046e-17
0
3.93505e-17
0
4.77988e-17
0
5.8908e-17
0
1.17999e-16
0
1.10149e-16
0
2.79907e-17
0
8.90734e-17
0
1.23912e-16
0
1.91279e-17
0
1.71959e-17
0
5.97688e-17
0
2.62655e-17
0
1.57072e-17
0
3.72008e-17
0
1.56588e-17
0
4.40749e-18
0
1.33148e-17
0
2.22457e-17
0
1.46476e-17
0
1.5183e-17
0
4.29882e-18
0
2.91221e-17
0
1.62723e-17
0
1.78973e-17
0
4.30057e-17
0
4.29586e-17
0
6.74834e-17
0
7.69257e-17
0
1.57971e-17
0
1.17512e-16
0
9.63593e-17
0
5.60501e-17
0
1.54813e-17
0
2.74901e-17
0
2.7511e-17
0
2.11618e-17
0
2.82727e-17
0
1.85078e-17
0
1.05297e-17
0
1.98776e-17
0
1.29009e-17
0
3.91124e-17
0
1.08962e-17
0
1.17468e-17
0
2.16472e-17
0
6.73359e-18
0
2.83682e-17
0
5.37245e-17
0
2.49836e-17
0
1.11404e-16
0
1.18261e-16
0
2.7418e-17
0
4.59921e-18
0
4.13398e-17
0
3.53904e-17
0
5.90847e-17
0
3.36016e-17
0
6.49251e-17
0
5.75049e-18
0
2.16209e-17
0
4.64166e-17
0
9.53438e-19
0
1.09024e-17
0
1.06084e-17
0
9.03981e-18
0
3.31965e-17
0
2.06701e-17
0
3.62707e-17
0
3.1511e-17
0
3.2002e-17
0
2.02707e-17
0
2.74919e-17
0
2.35047e-17
0
6.21018e-17
0
3.48515e-18
0
