	0.78012
	99.069
	63.5705
	9.92544
	0.00281874
	0.0014486
	0.00127142
	0.000914076
	0.000651854
	0.00047427
	0.000353508
	0.000269616
	0.00020991
	0.000166418
	0.000134059
	0.00010952
	9.0591e-05
	7.57664e-05
	6.39966e-05
	5.45368e-05
	4.68489e-05
	4.05379e-05
	3.53096e-05
	3.09421e-05
	2.72655e-05
	2.41488e-05
	2.14893e-05
	1.92064e-05
	1.72358e-05
	1.55259e-05
	1.4035e-05
	1.27292e-05
	1.15807e-05
	1.05664e-05
	9.66738e-06
	8.86766e-06
	8.15394e-06
	7.51494e-06
	6.94115e-06
	6.42446e-06
	5.95794e-06
	5.53564e-06
	5.15245e-06
	4.80393e-06
	4.48627e-06
	4.1961e-06
	3.93053e-06
	3.68699e-06
	3.46326e-06
	3.25735e-06
	3.06752e-06
	2.89223e-06
	2.73012e-06
	2.57998e-06
	2.4407e-06
	2.31134e-06
	2.19101e-06
	2.07895e-06
	1.97446e-06
	1.8769e-06
	1.78572e-06
	1.70039e-06
	1.62046e-06
	1.5455e-06
	1.47514e-06
	1.40902e-06
	1.34683e-06
	1.28829e-06
	1.23312e-06
	1.18109e-06
	1.13198e-06
	1.08558e-06
	1.04172e-06
	1.00021e-06
	9.60908e-07
	9.23663e-07
	8.88344e-07
	8.54827e-07
	8.22998e-07
	7.92753e-07
	7.63993e-07
	7.36629e-07
	7.10576e-07
	6.85758e-07
	6.621e-07
	6.39537e-07
	6.18006e-07
	5.97447e-07
	5.77807e-07
	5.59035e-07
	5.41083e-07
	5.23906e-07
	5.07464e-07
	4.91718e-07
	4.7663e-07
	4.62167e-07
	4.48296e-07
	4.34988e-07
	4.22214e-07
	4.09948e-07
	3.98164e-07
	3.8684e-07
	3.75952e-07
	3.6548e-07
	3.55404e-07
	3.45706e-07
	3.36368e-07
	3.27374e-07
	3.18707e-07
	3.10353e-07
	3.02298e-07
	2.94529e-07
	2.87033e-07
	2.79798e-07
	2.72813e-07
	2.66067e-07
	2.5955e-07
	2.53253e-07
	2.47166e-07
	2.4128e-07
	2.35587e-07
	2.30081e-07
	2.24751e-07
	2.19593e-07
	2.14599e-07
	2.09762e-07
	2.05077e-07
	2.00537e-07
	1.96138e-07
	1.91873e-07
	1.87737e-07
	1.83726e-07
	1.79836e-07
	1.76061e-07
	1.72397e-07
	1.68841e-07
	1.65388e-07
	1.62035e-07
	1.58778e-07
	1.55614e-07
	1.52539e-07
	1.49551e-07
	1.46647e-07
	1.43823e-07
	1.41078e-07
	1.38407e-07
	1.3581e-07
	1.33282e-07
	1.30823e-07
	1.2843e-07
	1.261e-07
	1.23833e-07
	1.21625e-07
	1.19474e-07
	1.1738e-07
	1.1534e-07
	1.13352e-07
	1.11416e-07
	1.09529e-07
	1.0769e-07
	1.05897e-07
	1.0415e-07
	1.02446e-07
	1.00785e-07
	9.91654e-08
	9.75857e-08
	9.60449e-08
	9.45419e-08
	9.30758e-08
	9.16454e-08
	9.02498e-08
	8.8888e-08
	8.75592e-08
	8.62623e-08
	8.49967e-08
	8.37614e-08
	8.25557e-08
	8.13788e-08
	8.02299e-08
	7.91084e-08
	7.80136e-08
	7.69448e-08
	7.59013e-08
	7.48826e-08
	7.3888e-08
	7.29171e-08
	7.19691e-08
	7.10436e-08
	7.01402e-08
	6.92582e-08
	6.83971e-08
	6.75567e-08
	6.67362e-08
	6.59355e-08
	6.5154e-08
	6.43913e-08
	6.3647e-08
	6.29208e-08
	6.22123e-08
	6.15212e-08
	6.0847e-08
	6.01896e-08
	5.95485e-08
	5.89235e-08
	5.83143e-08
	5.77206e-08
	5.71422e-08
	5.65787e-08
	5.60299e-08
	5.54956e-08
	5.49755e-08
	5.44695e-08
	5.39772e-08
	5.34986e-08
	5.30333e-08
	5.25813e-08
	5.21423e-08
	5.17161e-08
	5.13026e-08
	5.09016e-08
	5.0513e-08
	5.01365e-08
	4.97721e-08
	4.94197e-08
	4.9079e-08
	4.875e-08
	4.84325e-08
	4.81265e-08
	4.78317e-08
	4.75482e-08
	4.72758e-08
	4.70144e-08
	4.67639e-08
	4.65243e-08
	4.62955e-08
	4.60773e-08
	4.58697e-08
	4.56727e-08
	4.54861e-08
	4.531e-08
	4.51442e-08
	4.49887e-08
	4.48435e-08
	4.47085e-08
	4.45836e-08
	4.44689e-08
	4.43643e-08
	4.42697e-08
	4.41852e-08
	4.41107e-08
	4.40461e-08
	4.39915e-08
	4.39469e-08
	4.39122e-08
	4.38874e-08
	4.38725e-08
	4.38676e-08
	4.38726e-08
	4.38874e-08
	4.39122e-08
	4.39469e-08
	4.39915e-08
	4.40461e-08
	4.41107e-08
	4.41852e-08
	4.42697e-08
	4.43643e-08
	4.44689e-08
	4.45836e-08
	4.47085e-08
	4.48435e-08
	4.49887e-08
	4.51442e-08
	4.531e-08
	4.54861e-08
	4.56727e-08
	4.58697e-08
	4.60773e-08
	4.62955e-08
	4.65243e-08
	4.67639e-08
	4.70144e-08
	4.72758e-08
	4.75482e-08
	4.78317e-08
	4.81265e-08
	4.84325e-08
	4.875e-08
	4.9079e-08
	4.94197e-08
	4.97721e-08
	5.01365e-08
	5.0513e-08
	5.09016e-08
	5.13026e-08
	5.17161e-08
	5.21423e-08
	5.25813e-08
	5.30333e-08
	5.34986e-08
	5.39772e-08
	5.44695e-08
	5.49755e-08
	5.54956e-08
	5.60299e-08
	5.65787e-08
	5.71422e-08
	5.77206e-08
	5.83143e-08
	5.89235e-08
	5.95485e-08
	6.01896e-08
	6.0847e-08
	6.15212e-08
	6.22123e-08
	6.29208e-08
	6.3647e-08
	6.43913e-08
	6.5154e-08
	6.59355e-08
	6.67362e-08
	6.75567e-08
	6.83971e-08
	6.92582e-08
	7.01402e-08
	7.10436e-08
	7.19691e-08
	7.29171e-08
	7.3888e-08
	7.48826e-08
	7.59013e-08
	7.69448e-08
	7.80136e-08
	7.91084e-08
	8.02299e-08
	8.13788e-08
	8.25557e-08
	8.37614e-08
	8.49967e-08
	8.62623e-08
	8.75592e-08
	8.8888e-08
	9.02498e-08
	9.16454e-08
	9.30758e-08
	9.45419e-08
	9.60449e-08
	9.75857e-08
	9.91654e-08
	1.00785e-07
	1.02446e-07
	1.0415e-07
	1.05897e-07
	1.0769e-07
	1.09529e-07
	1.11416e-07
	1.13352e-07
	1.1534e-07
	1.1738e-07
	1.19474e-07
	1.21625e-07
	1.23833e-07
	1.261e-07
	1.2843e-07
	1.30823e-07
	1.33282e-07
	1.3581e-07
	1.38407e-07
	1.41078e-07
	1.43823e-07
	1.46647e-07
	1.49551e-07
	1.52539e-07
	1.55614e-07
	1.58778e-07
	1.62035e-07
	1.65388e-07
	1.68841e-07
	1.72397e-07
	1.76061e-07
	1.79836e-07
	1.83726e-07
	1.87737e-07
	1.91873e-07
	1.96138e-07
	2.00537e-07
	2.05077e-07
	2.09762e-07
	2.14599e-07
	2.19593e-07
	2.24751e-07
	2.30081e-07
	2.35587e-07
	2.4128e-07
	2.47166e-07
	2.53253e-07
	2.5955e-07
	2.66067e-07
	2.72813e-07
	2.79798e-07
	2.87033e-07
	2.94529e-07
	3.02298e-07
	3.10353e-07
	3.18707e-07
	3.27374e-07
	3.36368e-07
	3.45706e-07
	3.55404e-07
	3.6548e-07
	3.75952e-07
	3.8684e-07
	3.98164e-07
	4.09948e-07
	4.22214e-07
	4.34988e-07
	4.48296e-07
	4.62167e-07
	4.7663e-07
	4.91718e-07
	5.07464e-07
	5.23906e-07
	5.41083e-07
	5.59035e-07
	5.77807e-07
	5.97447e-07
	6.18006e-07
	6.39537e-07
	6.621e-07
	6.85758e-07
	7.10576e-07
	7.36629e-07
	7.63993e-07
	7.92753e-07
	8.22998e-07
	8.54827e-07
	8.88344e-07
	9.23663e-07
	9.60908e-07
	1.00021e-06
	1.04172e-06
	1.08558e-06
	1.13198e-06
	1.18109e-06
	1.23312e-06
	1.28829e-06
	1.34683e-06
	1.40902e-06
	1.47514e-06
	1.5455e-06
	1.62046e-06
	1.70039e-06
	1.78572e-06
	1.8769e-06
	1.97446e-06
	2.07895e-06
	2.19101e-06
	2.31134e-06
	2.4407e-06
	2.57998e-06
	2.73012e-06
	2.89223e-06
	3.06752e-06
	3.25735e-06
	3.46326e-06
	3.68699e-06
	3.93053e-06
	4.1961e-06
	4.48627e-06
	4.80393e-06
	5.15245e-06
	5.53564e-06
	5.95794e-06
	6.42446e-06
	6.94115e-06
	7.51494e-06
	8.15394e-06
	8.86766e-06
	9.66738e-06
	1.05664e-05
	1.15807e-05
	1.27292e-05
	1.4035e-05
	1.55259e-05
	1.72358e-05
	1.92064e-05
	2.14893e-05
	2.41488e-05
	2.72655e-05
	3.09421e-05
	3.53096e-05
	4.05379e-05
	4.68489e-05
	5.45368e-05
	6.39966e-05
	7.57664e-05
	9.0591e-05
	0.00010952
	0.000134059
	0.000166418
	0.00020991
	0.000269616
	0.000353508
	0.00047427
	0.000651854
	0.000914076
	0.00127142
	0.0014486
	0.00281874
	9.92544
	63.5705
	99.069
